# Time-averaged data for fix 2
# TimeStep c_my_msd[4] c_msd_com[4]
100 0.0740703 0.0740703
200 0.345609 0.345609
300 0.637356 0.637356
400 0.839333 0.839333
500 1.03939 1.03939
600 1.30117 1.30117
700 1.56998 1.56998
800 1.78319 1.78319
900 1.95333 1.95333
1000 2.12291 2.12291
1100 2.31727 2.31727
1200 2.50752 2.50752
1300 2.67136 2.67136
1400 2.86301 2.86301
1500 3.12832 3.12832
1600 3.3685 3.3685
1700 3.63366 3.63366
1800 3.76034 3.76034
1900 3.8393 3.8393
2000 4.01473 4.01473
2100 4.30532 4.30532
2200 4.5409 4.5409
2300 4.73953 4.73953
2400 5.03312 5.03312
2500 5.29488 5.29488
2600 5.63462 5.63462
2700 6.07615 6.07615
2800 6.49063 6.49063
2900 6.84825 6.84825
3000 7.11637 7.11637
3100 7.39855 7.39855
3200 7.64621 7.64621
3300 7.77545 7.77545
3400 7.93732 7.93732
3500 8.17043 8.17043
3600 8.31688 8.31688
3700 8.33937 8.33937
3800 8.53372 8.53372
3900 8.73694 8.73694
4000 9.04645 9.04645
4100 9.37785 9.37785
4200 9.64864 9.64864
4300 9.66875 9.66875
4400 9.74787 9.74787
4500 9.95031 9.95031
4600 10.0181 10.0181
4700 10.1776 10.1776
4800 10.412 10.412
4900 10.4937 10.4937
5000 10.7346 10.7346
5100 11.0669 11.0669
5200 11.1198 11.1198
5300 11.1456 11.1456
5400 11.1952 11.1952
5500 11.246 11.246
5600 11.3762 11.3762
5700 11.5752 11.5752
5800 11.7696 11.7696
5900 11.8483 11.8483
6000 11.8957 11.8957
6100 11.9998 11.9998
6200 12.2767 12.2767
6300 12.5975 12.5975
6400 12.9237 12.9237
6500 13.3048 13.3048
6600 13.7335 13.7335
6700 13.8053 13.8053
6800 13.6937 13.6937
6900 13.6946 13.6946
7000 13.8815 13.8815
7100 13.8909 13.8909
7200 13.9044 13.9044
7300 14.1617 14.1617
7400 14.2737 14.2737
7500 14.3107 14.3107
7600 14.3971 14.3971
7700 14.6496 14.6496
7800 14.6699 14.6699
7900 14.5195 14.5195
8000 14.6458 14.6458
8100 14.7416 14.7416
8200 14.9441 14.9441
8300 15.0408 15.0408
8400 14.784 14.784
8500 14.8688 14.8688
8600 15.2529 15.2529
8700 15.712 15.712
8800 15.966 15.966
8900 16.3681 16.3681
9000 16.664 16.664
9100 16.825 16.825
9200 16.8546 16.8546
9300 16.849 16.849
9400 17.065 17.065
9500 17.4657 17.4657
9600 17.8089 17.8089
9700 18.2366 18.2366
9800 18.3174 18.3174
9900 18.2612 18.2612
10000 18.3565 18.3565
10100 18.4496 18.4496
10200 18.9593 18.9593
10300 19.7255 19.7255
10400 19.8162 19.8162
10500 19.8104 19.8104
10600 20.0947 20.0947
10700 20.1643 20.1643
10800 20.1042 20.1042
10900 20.1271 20.1271
11000 20.2279 20.2279
11100 20.2969 20.2969
11200 20.3532 20.3532
11300 20.6066 20.6066
11400 21.0621 21.0621
11500 21.3751 21.3751
11600 21.6085 21.6085
11700 21.8993 21.8993
11800 22.2375 22.2375
11900 22.5496 22.5496
12000 22.657 22.657
12100 22.5605 22.5605
12200 22.6905 22.6905
12300 22.9937 22.9937
12400 23.4375 23.4375
12500 23.6798 23.6798
12600 23.5709 23.5709
12700 23.3769 23.3769
12800 23.4249 23.4249
12900 23.7051 23.7051
13000 23.9154 23.9154
13100 24.0696 24.0696
13200 24.2693 24.2693
13300 24.6287 24.6287
13400 24.4103 24.4103
13500 24.253 24.253
13600 24.6214 24.6214
13700 24.8688 24.8688
13800 24.9362 24.9362
13900 25.1927 25.1927
14000 25.5873 25.5873
14100 25.8431 25.8431
14200 25.7991 25.7991
14300 25.7203 25.7203
14400 25.9512 25.9512
14500 26.1348 26.1348
14600 26.0785 26.0785
14700 25.8966 25.8966
14800 26.0451 26.0451
14900 26.2815 26.2815
15000 26.4887 26.4887
15100 26.8515 26.8515
15200 26.9242 26.9242
15300 26.9195 26.9195
15400 27.0659 27.0659
15500 27.1328 27.1328
15600 27.1801 27.1801
15700 27.2096 27.2096
15800 27.4268 27.4268
15900 27.7736 27.7736
16000 27.9995 27.9995
16100 28.3015 28.3015
16200 28.656 28.656
16300 28.8512 28.8512
16400 29.2665 29.2665
16500 29.6248 29.6248
16600 29.8929 29.8929
16700 30.3774 30.3774
16800 30.7413 30.7413
16900 30.9193 30.9193
17000 30.9232 30.9232
17100 31.2916 31.2916
17200 31.478 31.478
17300 31.5946 31.5946
17400 32.0344 32.0344
17500 32.0276 32.0276
17600 31.8874 31.8874
17700 31.9989 31.9989
17800 32.0571 32.0571
17900 31.7296 31.7296
18000 31.5954 31.5954
18100 32.0602 32.0602
18200 32.3615 32.3615
18300 32.2839 32.2839
18400 31.9933 31.9933
18500 31.8705 31.8705
18600 32.2119 32.2119
18700 32.1178 32.1178
18800 32.1695 32.1695
18900 32.5955 32.5955
19000 32.9874 32.9874
19100 33.2974 33.2974
19200 33.6023 33.6023
19300 33.5799 33.5799
19400 33.8521 33.8521
19500 34.254 34.254
19600 34.8082 34.8082
19700 35.4983 35.4983
19800 35.9974 35.9974
19900 36.4533 36.4533
20000 37.0804 37.0804
20100 37.6462 37.6462
20200 38.3135 38.3135
20300 39.0625 39.0625
20400 39.4882 39.4882
20500 39.9432 39.9432
20600 40.2765 40.2765
20700 40.4728 40.4728
20800 40.6398 40.6398
20900 41.4321 41.4321
21000 41.6885 41.6885
21100 41.6113 41.6113
21200 41.7546 41.7546
21300 41.995 41.995
21400 41.655 41.655
21500 41.1482 41.1482
21600 41.3458 41.3458
21700 41.8178 41.8178
21800 42.0343 42.0343
21900 42.3081 42.3081
22000 42.4123 42.4123
22100 42.3151 42.3151
22200 42.5722 42.5722
22300 42.8937 42.8937
22400 42.8994 42.8994
22500 42.9377 42.9377
22600 43.2935 43.2935
22700 43.524 43.524
22800 43.5873 43.5873
22900 43.7736 43.7736
23000 44.3795 44.3795
23100 44.9456 44.9456
23200 45.3552 45.3552
23300 45.4852 45.4852
23400 45.3858 45.3858
23500 45.4796 45.4796
23600 45.6115 45.6115
23700 45.8426 45.8426
23800 46.0573 46.0573
23900 46.1735 46.1735
24000 46.146 46.146
24100 45.6703 45.6703
24200 45.0466 45.0466
24300 44.9593 44.9593
24400 45.3292 45.3292
24500 45.5847 45.5847
24600 46.3027 46.3027
24700 46.9455 46.9455
24800 47.3625 47.3625
24900 48.1079 48.1079
25000 49.1935 49.1935
25100 49.8522 49.8522
25200 49.7327 49.7327
25300 49.3254 49.3254
25400 49.3537 49.3537
25500 49.1849 49.1849
25600 48.758 48.758
25700 48.5275 48.5275
25800 49.1952 49.1952
25900 49.2569 49.2569
26000 48.9055 48.9055
26100 49.0497 49.0497
26200 49.4882 49.4882
26300 49.7458 49.7458
26400 49.4226 49.4226
26500 49.4335 49.4335
26600 49.785 49.785
26700 50.3638 50.3638
26800 50.7365 50.7365
26900 50.9416 50.9416
27000 50.9674 50.9674
27100 50.9336 50.9336
27200 50.7859 50.7859
27300 50.6657 50.6657
27400 50.8731 50.8731
27500 50.6627 50.6627
27600 50.5662 50.5662
27700 50.9092 50.9092
27800 51.0845 51.0845
27900 50.9226 50.9226
28000 51.1454 51.1454
28100 51.2908 51.2908
28200 51.2238 51.2238
28300 51.0628 51.0628
28400 50.9432 50.9432
28500 50.2454 50.2454
28600 50.2804 50.2804
28700 51.0691 51.0691
28800 51.3312 51.3312
28900 51.6415 51.6415
29000 51.9957 51.9957
29100 51.8447 51.8447
29200 51.8148 51.8148
29300 52.0863 52.0863
29400 52.4161 52.4161
29500 52.3019 52.3019
29600 52.4104 52.4104
29700 52.8269 52.8269
29800 53.0269 53.0269
29900 53.2233 53.2233
30000 53.107 53.107
30100 52.9928 52.9928
30200 53.4911 53.4911
30300 53.8826 53.8826
30400 53.3573 53.3573
30500 53.1906 53.1906
30600 53.4376 53.4376
30700 53.4534 53.4534
30800 53.3738 53.3738
30900 53.1008 53.1008
31000 53.1904 53.1904
31100 54.0539 54.0539
31200 54.8013 54.8013
31300 54.7927 54.7927
31400 55.2895 55.2895
31500 55.7103 55.7103
31600 56.1293 56.1293
31700 56.8282 56.8282
31800 57.8014 57.8014
31900 58.7 58.7
32000 59.0991 59.0991
32100 59.5291 59.5291
32200 59.8677 59.8677
32300 59.8379 59.8379
32400 59.7413 59.7413
32500 60.1091 60.1091
32600 60.1092 60.1092
32700 59.9751 59.9751
32800 60.1754 60.1754
32900 59.7633 59.7633
33000 59.5355 59.5355
33100 60.1146 60.1146
33200 60.7364 60.7364
33300 61.1941 61.1941
33400 61.5723 61.5723
33500 61.8516 61.8516
33600 62.1224 62.1224
33700 62.2656 62.2656
33800 62.5774 62.5774
33900 63.3116 63.3116
34000 63.8349 63.8349
34100 64.1525 64.1525
34200 64.0184 64.0184
34300 63.6948 63.6948
34400 63.7465 63.7465
34500 63.9728 63.9728
34600 64.3569 64.3569
34700 64.8878 64.8878
34800 65.4419 65.4419
34900 65.7746 65.7746
35000 66.2279 66.2279
35100 66.8678 66.8678
35200 67.1849 67.1849
35300 67.216 67.216
35400 67.1797 67.1797
35500 67.7178 67.7178
35600 67.9691 67.9691
35700 68.313 68.313
35800 68.5909 68.5909
35900 68.3194 68.3194
36000 67.7826 67.7826
36100 67.8387 67.8387
36200 68.726 68.726
36300 69.5563 69.5563
36400 69.7305 69.7305
36500 69.9315 69.9315
36600 70.4455 70.4455
36700 71.0424 71.0424
36800 71.6375 71.6375
36900 72.3226 72.3226
37000 72.5009 72.5009
37100 72.5117 72.5117
37200 72.4355 72.4355
37300 72.4844 72.4844
37400 72.9601 72.9601
37500 73.4312 73.4312
37600 73.6177 73.6177
37700 73.8327 73.8327
37800 74.314 74.314
37900 74.8448 74.8448
38000 75.2142 75.2142
38100 75.544 75.544
38200 76.0823 76.0823
38300 76.7886 76.7886
38400 77.0503 77.0503
38500 77.4673 77.4673
38600 77.3291 77.3291
38700 76.9585 76.9585
38800 77.2433 77.2433
38900 77.5422 77.5422
39000 77.3077 77.3077
39100 77.3387 77.3387
39200 77.875 77.875
39300 77.8478 77.8478
39400 78.0723 78.0723
39500 78.2329 78.2329
39600 78.0733 78.0733
39700 78.6316 78.6316
39800 79.6591 79.6591
39900 79.6406 79.6406
40000 79.5429 79.5429
40100 79.5528 79.5528
40200 79.3082 79.3082
40300 79.2028 79.2028
40400 79.517 79.517
40500 80.0062 80.0062
40600 80.1928 80.1928
40700 80.2184 80.2184
40800 80.2327 80.2327
40900 80.1781 80.1781
41000 80.6243 80.6243
41100 81.2414 81.2414
41200 81.0058 81.0058
41300 80.9385 80.9385
41400 80.7402 80.7402
41500 80.0813 80.0813
41600 80.1058 80.1058
41700 80.7333 80.7333
41800 81.1461 81.1461
41900 81.3114 81.3114
42000 81.6439 81.6439
42100 81.9031 81.9031
42200 82.5077 82.5077
42300 82.6194 82.6194
42400 82.1865 82.1865
42500 82.1461 82.1461
42600 82.0356 82.0356
42700 82.1929 82.1929
42800 83.053 83.053
42900 84.0792 84.0792
43000 84.6162 84.6162
43100 85.2431 85.2431
43200 85.1841 85.1841
43300 84.246 84.246
43400 84.0439 84.0439
43500 84.4116 84.4116
43600 84.8013 84.8013
43700 85.1581 85.1581
43800 85.1901 85.1901
43900 85.5595 85.5595
44000 85.9472 85.9472
44100 86.8901 86.8901
44200 87.6227 87.6227
44300 87.2327 87.2327
44400 86.9142 86.9142
44500 87.5633 87.5633
44600 87.7144 87.7144
44700 87.8412 87.8412
44800 88.6054 88.6054
44900 89.125 89.125
45000 89.3304 89.3304
45100 89.4564 89.4564
45200 89.8209 89.8209
45300 90.1312 90.1312
45400 89.954 89.954
45500 89.2864 89.2864
45600 88.6263 88.6263
45700 88.6008 88.6008
45800 89.0249 89.0249
45900 89.5552 89.5552
46000 89.9619 89.9619
46100 90.6427 90.6427
46200 91.2713 91.2713
46300 91.2654 91.2654
46400 90.7789 90.7789
46500 90.867 90.867
46600 91.3788 91.3788
46700 91.3973 91.3973
46800 90.6432 90.6432
46900 90.7908 90.7908
47000 90.9431 90.9431
47100 91.171 91.171
47200 91.1385 91.1385
47300 91.1212 91.1212
47400 91.5508 91.5508
47500 92.2112 92.2112
47600 93.1695 93.1695
47700 94.3039 94.3039
47800 94.6995 94.6995
47900 93.7496 93.7496
48000 93.6851 93.6851
48100 94.0569 94.0569
48200 94.3563 94.3563
48300 94.9272 94.9272
48400 95.7131 95.7131
48500 96.0334 96.0334
48600 95.9473 95.9473
48700 95.7072 95.7072
48800 96.3659 96.3659
48900 97.0876 97.0876
49000 96.9801 96.9801
49100 96.8903 96.8903
49200 97.2873 97.2873
49300 97.0303 97.0303
49400 96.763 96.763
49500 97.152 97.152
49600 97.4636 97.4636
49700 97.7832 97.7832
49800 97.9349 97.9349
49900 97.6803 97.6803
50000 97.7998 97.7998
