# Time-averaged data for fix 2
# TimeStep c_my_msd[4] c_msd_com[4]
100 0.0815772 0.0815772
200 0.348515 0.348515
300 0.551388 0.551388
400 0.763743 0.763743
500 0.99539 0.99539
600 1.22146 1.22146
700 1.40346 1.40346
800 1.59143 1.59143
900 1.76006 1.76006
1000 1.96618 1.96618
1100 2.16636 2.16636
1200 2.2974 2.2974
1300 2.45894 2.45894
1400 2.71902 2.71902
1500 3.06131 3.06131
1600 3.37841 3.37841
1700 3.66808 3.66808
1800 4.0315 4.0315
1900 4.38725 4.38725
2000 4.70329 4.70329
2100 5.0326 5.0326
2200 5.20915 5.20915
2300 5.35651 5.35651
2400 5.49456 5.49456
2500 5.73797 5.73797
2600 5.96397 5.96397
2700 6.14755 6.14755
2800 6.44549 6.44549
2900 6.64613 6.64613
3000 6.76214 6.76214
3100 6.84351 6.84351
3200 7.01073 7.01073
3300 7.20669 7.20669
3400 7.41403 7.41403
3500 7.7505 7.7505
3600 8.0976 8.0976
3700 8.45577 8.45577
3800 8.69938 8.69938
3900 8.73457 8.73457
4000 9.01628 9.01628
4100 9.43291 9.43291
4200 9.64461 9.64461
4300 9.69761 9.69761
4400 9.89301 9.89301
4500 10.3492 10.3492
4600 10.7737 10.7737
4700 11.2056 11.2056
4800 11.5885 11.5885
4900 11.6825 11.6825
5000 11.6791 11.6791
5100 11.7193 11.7193
5200 11.7201 11.7201
5300 11.5139 11.5139
5400 11.3465 11.3465
5500 11.2649 11.2649
5600 11.3802 11.3802
5700 11.9484 11.9484
5800 12.4477 12.4477
5900 12.5902 12.5902
6000 12.6037 12.6037
6100 12.8714 12.8714
6200 13.2009 13.2009
6300 13.3708 13.3708
6400 13.2794 13.2794
6500 13.3719 13.3719
6600 13.6443 13.6443
6700 13.875 13.875
6800 14.0913 14.0913
6900 14.0923 14.0923
7000 14.1098 14.1098
7100 14.2994 14.2994
7200 14.4748 14.4748
7300 14.5078 14.5078
7400 14.721 14.721
7500 15.1547 15.1547
7600 15.7221 15.7221
7700 16.0351 16.0351
7800 16.2794 16.2794
7900 16.5249 16.5249
8000 16.6586 16.6586
8100 16.7928 16.7928
8200 16.8224 16.8224
8300 16.9359 16.9359
8400 17.0785 17.0785
8500 17.2889 17.2889
8600 17.3678 17.3678
8700 17.2262 17.2262
8800 17.2108 17.2108
8900 17.4438 17.4438
9000 17.5959 17.5959
9100 17.6678 17.6678
9200 17.8121 17.8121
9300 17.8998 17.8998
9400 17.8656 17.8656
9500 17.658 17.658
9600 17.4498 17.4498
9700 17.5838 17.5838
9800 17.9059 17.9059
9900 18.2482 18.2482
10000 18.2335 18.2335
10100 18.3719 18.3719
10200 18.7651 18.7651
10300 19.0444 19.0444
10400 19.0435 19.0435
10500 19.056 19.056
10600 19.0251 19.0251
10700 18.9705 18.9705
10800 19.1824 19.1824
10900 19.4456 19.4456
11000 19.6414 19.6414
11100 19.7446 19.7446
11200 19.4358 19.4358
11300 19.1676 19.1676
11400 18.9471 18.9471
11500 18.6965 18.6965
11600 18.7126 18.7126
11700 19.0012 19.0012
11800 19.0741 19.0741
11900 18.8561 18.8561
12000 18.863 18.863
12100 19.1991 19.1991
12200 19.3421 19.3421
12300 19.3925 19.3925
12400 19.5788 19.5788
12500 19.7501 19.7501
12600 19.7023 19.7023
12700 19.7097 19.7097
12800 20.2032 20.2032
12900 20.7875 20.7875
13000 21.0873 21.0873
13100 21.3821 21.3821
13200 21.5263 21.5263
13300 21.5027 21.5027
13400 21.7138 21.7138
13500 21.8168 21.8168
13600 21.9487 21.9487
13700 22.033 22.033
13800 22.1431 22.1431
13900 21.9555 21.9555
14000 21.7485 21.7485
14100 21.9063 21.9063
14200 22.0264 22.0264
14300 22.226 22.226
14400 22.4942 22.4942
14500 22.7683 22.7683
14600 22.9905 22.9905
14700 22.752 22.752
14800 22.3282 22.3282
14900 22.3212 22.3212
15000 22.5015 22.5015
15100 22.6546 22.6546
15200 22.8707 22.8707
15300 23.2457 23.2457
15400 23.5518 23.5518
15500 23.6304 23.6304
15600 24.0053 24.0053
15700 24.3837 24.3837
15800 24.3403 24.3403
15900 24.3564 24.3564
16000 24.614 24.614
16100 24.8146 24.8146
16200 24.8986 24.8986
16300 24.8874 24.8874
16400 24.7822 24.7822
16500 24.94 24.94
16600 25.4359 25.4359
16700 25.9202 25.9202
16800 25.7084 25.7084
16900 25.7481 25.7481
17000 26.0198 26.0198
17100 26.0086 26.0086
17200 25.8948 25.8948
17300 26.0311 26.0311
17400 26.223 26.223
17500 26.5121 26.5121
17600 26.8483 26.8483
17700 27.1126 27.1126
17800 27.3256 27.3256
17900 27.8949 27.8949
18000 28.3985 28.3985
18100 28.8159 28.8159
18200 29.2769 29.2769
18300 29.4789 29.4789
18400 29.4759 29.4759
18500 29.4857 29.4857
18600 29.5537 29.5537
18700 29.5663 29.5663
18800 29.5253 29.5253
18900 29.6139 29.6139
19000 29.6155 29.6155
19100 29.605 29.605
19200 29.6283 29.6283
19300 29.6852 29.6852
19400 29.7128 29.7128
19500 30.0507 30.0507
19600 30.7363 30.7363
19700 31.2701 31.2701
19800 31.6786 31.6786
19900 31.8471 31.8471
20000 31.8297 31.8297
20100 31.8645 31.8645
20200 32.1556 32.1556
20300 32.4907 32.4907
20400 32.4882 32.4882
20500 32.1897 32.1897
20600 32.2965 32.2965
20700 32.5323 32.5323
20800 32.6699 32.6699
20900 32.7723 32.7723
21000 32.653 32.653
21100 32.8388 32.8388
21200 32.9487 32.9487
21300 32.8908 32.8908
21400 32.8213 32.8213
21500 32.7933 32.7933
21600 33.1188 33.1188
21700 33.2874 33.2874
21800 33.3149 33.3149
21900 33.266 33.266
22000 33.2833 33.2833
22100 33.0871 33.0871
22200 32.8007 32.8007
22300 33.0331 33.0331
22400 33.7327 33.7327
22500 34.4345 34.4345
22600 34.692 34.692
22700 34.4917 34.4917
22800 34.5854 34.5854
22900 34.6576 34.6576
23000 34.4687 34.4687
23100 34.5104 34.5104
23200 34.7346 34.7346
23300 34.9989 34.9989
23400 35.3773 35.3773
23500 35.3974 35.3974
23600 35.1801 35.1801
23700 34.8092 34.8092
23800 34.4612 34.4612
23900 34.6982 34.6982
24000 34.8085 34.8085
24100 34.8185 34.8185
24200 35.1603 35.1603
24300 35.3332 35.3332
24400 35.4819 35.4819
24500 35.6137 35.6137
24600 35.3324 35.3324
24700 35.1476 35.1476
24800 35.1452 35.1452
24900 35.1494 35.1494
25000 35.5255 35.5255
25100 35.933 35.933
25200 36.0078 36.0078
25300 36.1096 36.1096
25400 36.3228 36.3228
25500 36.4762 36.4762
25600 36.6481 36.6481
25700 36.5671 36.5671
25800 36.0608 36.0608
25900 35.789 35.789
26000 36.0107 36.0107
26100 36.3525 36.3525
26200 36.6846 36.6846
26300 36.9929 36.9929
26400 37.233 37.233
26500 37.2173 37.2173
26600 37.0096 37.0096
26700 36.9886 36.9886
26800 37.3025 37.3025
26900 37.6364 37.6364
27000 37.7744 37.7744
27100 38.2168 38.2168
27200 38.7393 38.7393
27300 38.8729 38.8729
27400 39.2283 39.2283
27500 39.626 39.626
27600 39.7398 39.7398
27700 39.7695 39.7695
27800 40.1073 40.1073
27900 40.3906 40.3906
28000 40.3656 40.3656
28100 40.367 40.367
28200 40.2795 40.2795
28300 40.3358 40.3358
28400 40.6407 40.6407
28500 41.1549 41.1549
28600 41.8112 41.8112
28700 42.2158 42.2158
28800 42.0259 42.0259
28900 41.5502 41.5502
29000 41.4062 41.4062
29100 41.7838 41.7838
29200 41.975 41.975
29300 42.064 42.064
29400 42.2266 42.2266
29500 42.4151 42.4151
29600 42.2487 42.2487
29700 41.8768 41.8768
29800 41.772 41.772
29900 41.6728 41.6728
30000 41.6785 41.6785
30100 41.7196 41.7196
30200 41.4393 41.4393
30300 41.6544 41.6544
30400 41.7762 41.7762
30500 41.9166 41.9166
30600 41.8806 41.8806
30700 41.5362 41.5362
30800 41.184 41.184
30900 41.3815 41.3815
31000 41.8912 41.8912
31100 41.9826 41.9826
31200 42.0005 42.0005
31300 42.2105 42.2105
31400 42.5781 42.5781
31500 42.9705 42.9705
31600 43.4981 43.4981
31700 44.1405 44.1405
31800 44.0043 44.0043
31900 43.8734 43.8734
32000 44.312 44.312
32100 44.5673 44.5673
32200 44.6109 44.6109
32300 44.6273 44.6273
32400 44.9625 44.9625
32500 45.2265 45.2265
32600 45.3769 45.3769
32700 45.897 45.897
32800 46.3037 46.3037
32900 46.3928 46.3928
33000 46.4363 46.4363
33100 46.5112 46.5112
33200 46.5365 46.5365
33300 46.6772 46.6772
33400 46.8713 46.8713
33500 46.9876 46.9876
33600 47.0532 47.0532
33700 46.9581 46.9581
33800 46.7246 46.7246
33900 46.7445 46.7445
34000 46.8702 46.8702
34100 47.1294 47.1294
34200 47.1658 47.1658
34300 47.0559 47.0559
34400 47.3747 47.3747
34500 48.2788 48.2788
34600 49.0928 49.0928
34700 49.4524 49.4524
34800 49.7625 49.7625
34900 49.8037 49.8037
35000 49.8179 49.8179
35100 50.1082 50.1082
35200 50.039 50.039
35300 49.8167 49.8167
35400 50.0331 50.0331
35500 49.6767 49.6767
35600 49.2332 49.2332
35700 49.2908 49.2908
35800 49.3465 49.3465
35900 50.035 50.035
36000 50.5462 50.5462
36100 51.1413 51.1413
36200 51.8071 51.8071
36300 52.5987 52.5987
36400 53.2215 53.2215
36500 53.2311 53.2311
36600 52.9303 52.9303
36700 52.5177 52.5177
36800 52.1039 52.1039
36900 51.7163 51.7163
37000 51.6394 51.6394
37100 52.1287 52.1287
37200 52.6421 52.6421
37300 52.7545 52.7545
37400 53.0945 53.0945
37500 53.7508 53.7508
37600 54.3259 54.3259
37700 54.3619 54.3619
37800 54.4717 54.4717
37900 54.8037 54.8037
38000 54.7358 54.7358
38100 55.0164 55.0164
38200 55.6792 55.6792
38300 56.0217 56.0217
38400 56.2888 56.2888
38500 56.3395 56.3395
38600 56.6182 56.6182
38700 56.8238 56.8238
38800 56.4628 56.4628
38900 55.9593 55.9593
39000 55.7153 55.7153
39100 55.6058 55.6058
39200 55.7841 55.7841
39300 56.1265 56.1265
39400 56.108 56.108
39500 55.9535 55.9535
39600 56.3214 56.3214
39700 56.64 56.64
39800 57.0204 57.0204
39900 57.8048 57.8048
40000 58.3757 58.3757
40100 58.2182 58.2182
40200 57.8843 57.8843
40300 57.6654 57.6654
40400 57.927 57.927
40500 58.6523 58.6523
40600 59.3706 59.3706
40700 59.5731 59.5731
40800 59.4149 59.4149
40900 59.1442 59.1442
41000 59.1047 59.1047
41100 59.4234 59.4234
41200 59.5913 59.5913
41300 59.3774 59.3774
41400 59.907 59.907
41500 60.1519 60.1519
41600 59.892 59.892
41700 60.082 60.082
41800 60.4036 60.4036
41900 60.3378 60.3378
42000 60.4495 60.4495
42100 60.8009 60.8009
42200 61.126 61.126
42300 61.4619 61.4619
42400 61.3201 61.3201
42500 61.3965 61.3965
42600 61.7065 61.7065
42700 62.0549 62.0549
42800 62.7685 62.7685
42900 63.5388 63.5388
43000 63.7431 63.7431
43100 63.2118 63.2118
43200 62.9238 62.9238
43300 62.9618 62.9618
43400 63.1715 63.1715
43500 63.771 63.771
43600 64.0632 64.0632
43700 63.8597 63.8597
43800 63.5041 63.5041
43900 63.6217 63.6217
44000 64.0896 64.0896
44100 64.5859 64.5859
44200 65.301 65.301
44300 66.0366 66.0366
44400 66.6667 66.6667
44500 66.8649 66.8649
44600 66.9374 66.9374
44700 66.9982 66.9982
44800 67.2074 67.2074
44900 67.4798 67.4798
45000 67.6128 67.6128
45100 67.3978 67.3978
45200 67.2197 67.2197
45300 67.2494 67.2494
45400 67.1094 67.1094
45500 66.7456 66.7456
45600 66.8064 66.8064
45700 67.2368 67.2368
45800 67.594 67.594
45900 67.4293 67.4293
46000 66.854 66.854
46100 66.1432 66.1432
46200 66.2521 66.2521
46300 66.7724 66.7724
46400 66.9241 66.9241
46500 67.0747 67.0747
46600 67.4752 67.4752
46700 67.6581 67.6581
46800 67.6346 67.6346
46900 67.6613 67.6613
47000 67.6867 67.6867
47100 68.1594 68.1594
47200 68.587 68.587
47300 68.485 68.485
47400 68.6768 68.6768
47500 69.0952 69.0952
47600 69.1272 69.1272
47700 69.1481 69.1481
47800 69.3193 69.3193
47900 69.5212 69.5212
48000 69.3593 69.3593
48100 69.7869 69.7869
48200 70.3653 70.3653
48300 70.0897 70.0897
48400 69.7156 69.7156
48500 69.6539 69.6539
48600 69.7642 69.7642
48700 69.9242 69.9242
48800 69.9826 69.9826
48900 70.3508 70.3508
49000 70.9231 70.9231
49100 71.6446 71.6446
49200 72.088 72.088
49300 71.958 71.958
49400 71.7924 71.7924
49500 71.9601 71.9601
49600 72.4085 72.4085
49700 72.72 72.72
49800 72.8152 72.8152
49900 72.7562 72.7562
50000 72.7203 72.7203
