# Fix print output for fix 2
1000 8.8234161211716 -2.81783304060838 -0.0880572825190119 5.25294338891754
2000 8.98875071316722 -2.80819675755585 -0.0877561486736203 5.25635659494876
3000 8.00874119671836 -2.79051245986255 -0.0872035143707048 5.26187984017426
4000 12.1719025689836 -2.79489250055951 -0.0873403906424846 5.26895916719118
5000 11.5498168251235 -2.78602229533846 -0.087063196729327 5.276608717532
6000 13.5702500775472 -2.7966989760153 -0.087396843000478 5.28342426897567
7000 10.099914747777 -2.79175796021458 -0.0872424362567055 5.28774199751907
8000 8.25281557857137 -2.78925209171513 -0.0871641278660979 5.28818710595674
9000 8.20164436295387 -2.78402657907134 -0.0870008305959793 5.28443333632065
10000 9.07881224718088 -2.77130706820803 -0.086603345881501 5.27765263730741
11000 11.8192781555037 -2.78559663400661 -0.0870498948127065 5.27005886148019
12000 11.2356498600614 -2.79387812108542 -0.0873086912839193 5.26322073072901
13000 9.4551396543003 -2.79184660856232 -0.0872452065175724 5.25816846514315
14000 10.9711490916591 -2.79786591183045 -0.0874333097447015 5.2557758421637
15000 9.74542059427659 -2.78969112947254 -0.0871778477960169 5.25658429520273
16000 12.1125634811587 -2.78236205843893 -0.0869488143262165 5.2606427968286
17000 10.1817469092352 -2.77143902997566 -0.0866074696867394 5.26775990678904
18000 10.3727361781887 -2.7857969007253 -0.0870561531476655 5.27649079969629
19000 10.1995800769219 -2.79060764948941 -0.0872064890465442 5.28426086943515
20000 8.87522159122701 -2.78560419398191 -0.0870501310619346 5.28902116641639
21000 10.1868654527033 -2.78619308823285 -0.0870685340072767 5.28972583198424
22000 13.1609402427452 -2.78340659721437 -0.0869814561629489 5.28651846927012
23000 12.1974817198695 -2.77865990110883 -0.086833121909651 5.28078438848188
24000 11.9982346302613 -2.79268035463985 -0.0872712610824953 5.27382902339646
25000 11.0326553418811 -2.79327555799531 -0.0872898611873533 5.26654150139978
26000 12.1568903336955 -2.80053366628677 -0.0875166770714615 5.26025163672088
27000 10.6191283287648 -2.7970840033846 -0.0874088751057688 5.25623148514448
28000 10.2900039306269 -2.79804849922783 -0.0874390156008697 5.25525876881211
29000 8.18661601127428 -2.78787166571339 -0.0871209895535436 5.25745708573891
30000 10.5076400449225 -2.78757272891453 -0.0871116477785791 5.26245198365727
31000 12.1380154129509 -2.7874203450109 -0.0871068857815906 5.26957629949738
32000 11.2108626417083 -2.78913303762682 -0.0871604074258381 5.27753380504213
33000 8.44350729527206 -2.79231671410016 -0.0872598973156301 5.28423854312752
34000 7.69174674871631 -2.78871386500915 -0.087147308281536 5.28756858596229
35000 9.7344302545559 -2.79006649366317 -0.087189577926974 5.2867600033979
36000 8.79774961167896 -2.78047524189039 -0.0868898513090747 5.28232619252548
37000 8.68183726848248 -2.77907122892314 -0.0868459759038481 5.27555787445097
38000 10.6151316334634 -2.79001859397893 -0.0871880810618416 5.26801484176169
39000 9.25226551322336 -2.79528278339924 -0.0873525869812262 5.26121190612485
40000 7.86537453649037 -2.80131073665366 -0.0875409605204268 5.25610451480233
41000 7.49291294430342 -2.79363501244164 -0.0873010941388012 5.2533456435725
42000 8.8578951171048 -2.78886090215174 -0.0871519031922418 5.25385380138468
43000 8.78012820311267 -2.78311986261358 -0.0869724957066745 5.25800520844036
44000 10.883871756666 -2.78987000086122 -0.0871834375269132 5.26515778987926
45000 9.94300826623594 -2.78916123121465 -0.0871612884754578 5.27376176823572
46000 7.83933836853766 -2.79070137140102 -0.0872094178562818 5.28170241416074
47000 7.4767125681128 -2.79085911068706 -0.0872143472089705 5.28675482165513
48000 9.6192226264583 -2.78770932765908 -0.0871159164893464 5.28771507447904
49000 11.0460576875934 -2.78611298422055 -0.0870660307568921 5.28491259162869
50000 10.2508395013968 -2.78476897056682 -0.0870240303302132 5.27934661552159
51000 10.7683610926625 -2.79376736495956 -0.0873052301549862 5.27219297080528
52000 8.92515037550661 -2.79624959483401 -0.0873827998385627 5.26469844676267
53000 8.12698406728209 -2.79988660147347 -0.0874964562960458 5.25805442846355
54000 7.01072071118137 -2.79637836439568 -0.087386823887365 5.25339789241119
55000 10.9075041921887 -2.79872753141277 -0.087460235356649 5.2517986906288
56000 10.3097152796139 -2.78715512323124 -0.0870985976009762 5.25422277040927
57000 12.3816980170722 -2.7935534506314 -0.0872985453322313 5.26062622064202
58000 9.49384918556389 -2.78777712736724 -0.0871180352302261 5.26963735175506
59000 9.05114348783216 -2.79584523181725 -0.0873701634942892 5.2789223146533
60000 7.83148867200782 -2.79278508157175 -0.0872745337991171 5.28590190822818
61000 9.34560498162718 -2.78241320225706 -0.0869504125705332 5.28897012963961
62000 11.75895469944 -2.78600804918112 -0.0870627515369099 5.2881507067683
63000 9.57967562278057 -2.78163007316731 -0.0869259397864784 5.28400872803543
64000 8.7900959950734 -2.78777049653036 -0.0871178280165738 5.27726404288426
65000 8.23425552652384 -2.79162465810343 -0.0872382705657321 5.26897500187946
66000 7.83060601743391 -2.78802116316486 -0.0871256613489018 5.26069993444446
67000 12.0198629437979 -2.78782270027648 -0.0871194593836399 5.25448600994115
68000 12.344254377889 -2.78688633738876 -0.0870901980433988 5.25247113525249
69000 11.7951919389382 -2.79670239012707 -0.0873969496914711 5.25522627500067
70000 10.5089511709118 -2.79828780634502 -0.0874464939482819 5.26156757394519
71000 8.94627120584109 -2.79115373272457 -0.087223554147643 5.26967941815909
72000 7.40949805571481 -2.77993531863325 -0.0868729787072892 5.27775769163603
73000 11.2280586300311 -2.78923031006427 -0.0871634471895085 5.28426041416196
74000 9.4277770725867 -2.77844850959466 -0.0868265159248331 5.2880268901138
75000 10.4600369529685 -2.77507017040253 -0.086720942825079 5.28847421335625
76000 12.0032825894432 -2.7829599421669 -0.0869674981927157 5.28584737428814
77000 9.05684133002284 -2.78446949211999 -0.0870146716287497 5.28061231026583
78000 7.70464277087682 -2.78708533331024 -0.0870964166659451 5.27330075620316
79000 8.96948111171243 -2.79233246479485 -0.0872603895248392 5.26513839941179
80000 12.4058355181038 -2.79636877125324 -0.0873865241016636 5.25796055248666
81000 13.0229727797953 -2.78712131704333 -0.0870975411576039 5.25388201368124
82000 12.0525866485847 -2.78920270736573 -0.087162584605179 5.25436181148832
83000 9.11765630366461 -2.78727162987375 -0.0871022384335547 5.25901207229604
84000 9.52378569709389 -2.79042046756532 -0.0872006396114163 5.26631942714443
85000 8.75825769673685 -2.78588396158707 -0.0870588737995958 5.27453294068513
86000 11.4576504852849 -2.79114304612886 -0.0872232201915268 5.28187898065553
87000 12.0373167796014 -2.78349610298244 -0.0869842532182013 5.28701467531669
88000 10.8524095524813 -2.7745221056553 -0.0867038158017282 5.28926308853461
89000 11.3288853649348 -2.7915714223401 -0.0872366069481282 5.28829748210291
90000 8.59415303619624 -2.78905659996252 -0.0871580187488288 5.28368391635911
91000 7.59648161900957 -2.78379734199059 -0.0869936669372059 5.27600569809232
92000 10.4344298484432 -2.78679980097963 -0.0870874937806135 5.26704899276927
93000 11.5049327670639 -2.78038402194154 -0.0868870006856731 5.25926131359861
94000 11.8662577305201 -2.78764606864036 -0.0871139396450112 5.25487440471471
95000 8.73236662111023 -2.79205980235679 -0.0872518688236497 5.25454071103285
96000 8.28214087406415 -2.79217185155343 -0.0872553703610446 5.25756391836777
97000 8.51273182617866 -2.78668119196738 -0.0870837872489807 5.2631156490438
98000 10.8156524240246 -2.78574533855863 -0.0870545418299573 5.27024736515894
99000 11.4367768702933 -2.78640406907526 -0.0870751271586018 5.27781686204777
100000 8.08738911147557 -2.7825499472209 -0.0869546858506531 5.28425763536526
101000 7.50483480296654 -2.79269424885562 -0.087271695276738 5.28762859156866
102000 8.96270607421346 -2.79417761199442 -0.0873180503748256 5.28661766900569
103000 8.3493565944266 -2.78242479515021 -0.086950774848444 5.28164647485296
104000 10.5691492346277 -2.78607534457183 -0.0870648545178698 5.27428128424124
105000 10.8708361530244 -2.78834669928507 -0.0871358343526585 5.26644721991319
106000 9.5287453427327 -2.79424394115753 -0.0873201231611728 5.25985716139495
107000 7.25028681516208 -2.79453495163736 -0.0873292172386675 5.25543866690985
108000 7.83199869773341 -2.79261168989076 -0.0872691153090863 5.25374535202606
109000 8.09605655660125 -2.78592663613223 -0.0870602073791322 5.25534864942787
110000 10.9751698765762 -2.79267039222054 -0.0872709497568919 5.26024831154712
111000 10.2986646630692 -2.78875764531769 -0.0871486764161778 5.2675702619623
112000 9.99130467479942 -2.78901990615584 -0.0871568720673699 5.27570886110519
113000 8.72702707818672 -2.79282652865101 -0.087275829020344 5.28272835078665
114000 8.3744124222948 -2.79488588330824 -0.0873401838533825 5.28667667970228
115000 10.1321607915946 -2.79292999200951 -0.0872790622502971 5.28651426248955
116000 12.0255980112339 -2.79108207865541 -0.0872213149579814 5.28271231851051
117000 11.151773830278 -2.78744877208999 -0.0871077741278123 5.27658143474971
118000 7.22524094059035 -2.77811629341099 -0.0868161341690935 5.26951758105443
119000 7.94519483859878 -2.79288388028318 -0.0872776212588492 5.2627816385707
120000 8.70930562767514 -2.80119429047024 -0.0875373215771951 5.25732657524727
121000 11.4768104112388 -2.79888864673885 -0.087465270210589 5.25412473365857
122000 11.3750831350459 -2.78737092324844 -0.0871053413515136 5.25452313772498
123000 9.57442902232908 -2.78519884695761 -0.0870374639674253 5.25898726172782
124000 9.18961978203814 -2.79239318012158 -0.0872622868787995 5.26625469524939
125000 10.0042033420796 -2.79895903196149 -0.0874674697487966 5.27423670739462
126000 7.90035582185968 -2.78374475197413 -0.0869920234991914 5.28096051959379
127000 9.89833431125681 -2.77783264956778 -0.086807270298993 5.2853070030395
128000 13.1234089438612 -2.79067693150874 -0.0872086541096482 5.28696767417041
129000 9.98164534351728 -2.78482441744703 -0.0870257630452198 5.2856048012824
130000 9.12201460462951 -2.78697517890089 -0.0870929743406529 5.28121013890839
131000 8.84146445082625 -2.78705915801894 -0.0870955986880918 5.27448292348171
132000 10.3333425035032 -2.79228020878714 -0.0872587565245981 5.26685245340654
133000 10.8582840585316 -2.79333626907375 -0.0872917584085546 5.26008315173505
134000 10.2838530742539 -2.79076264223039 -0.0872113325696997 5.25574582175562
135000 10.1234247212048 -2.79317818417324 -0.0872868182554137 5.25481649334344
136000 9.29821620773983 -2.79700170718797 -0.0874063033496239 5.25731491090224
137000 6.77350265063339 -2.78884253981569 -0.0871513293692403 5.26232592233211
138000 9.79995174607986 -2.79040272118679 -0.0872000850370873 5.26863451527289
139000 10.9059415232752 -2.78546571387349 -0.0870458035585466 5.27528822318832
140000 11.283077200735 -2.78780283437348 -0.0871188385741713 5.2812639163996
141000 9.12773450258503 -2.78515469438832 -0.0870360841996351 5.28520330653251
142000 8.95175649688937 -2.79465659384093 -0.087333018557529 5.28593263171601
143000 8.07894495558445 -2.80179811821006 -0.0875561911940645 5.28276664807288
144000 7.71226170094696 -2.79528007427987 -0.087352502321246 5.27593289273903
145000 10.3471593222665 -2.79516598988434 -0.0873489371838856 5.26723184068365
146000 11.5738770121331 -2.79542975667496 -0.0873571798960926 5.2591356751451
147000 12.679607920923 -2.79582613796323 -0.0873695668113509 5.25375882280762
148000 10.2226727876296 -2.78775949119195 -0.0871174840997485 5.25248994524019
149000 9.91817049104223 -2.79540685608295 -0.0873564642525922 5.25550656078887
150000 8.3068827260658 -2.79597021336664 -0.0873740691677075 5.26164666658092
151000 9.42814003599704 -2.79651615631412 -0.0873911298848162 5.26915218550492
152000 9.40420826951308 -2.77978217094525 -0.0868681928420392 5.27657490662038
153000 10.4346487343596 -2.7822997072945 -0.0869468658529531 5.28297376221363
154000 10.1695815804539 -2.78737000216407 -0.0871053125676272 5.28706510344105
155000 8.84330810122537 -2.79019298578888 -0.0871935308059026 5.28765858648209
156000 8.77458433140679 -2.79348404600804 -0.0872963764377513 5.28424944247665
157000 11.6797177620934 -2.79540101778667 -0.0873562818058335 5.27747419502349
158000 11.0538605227247 -2.78189913736575 -0.0869343480426797 5.2693217643593
159000 10.7152373455446 -2.78433648947158 -0.0870105152959869 5.26217093279312
160000 10.5943931752553 -2.79574104543651 -0.087366907669891 5.2574327220267
161000 11.0617048684982 -2.80094080792822 -0.0875294002477567 5.25561526712547
162000 10.216590046211 -2.7954640492112 -0.0873582515378498 5.25689976643879
163000 10.2028677574028 -2.79103367215449 -0.0872198022548279 5.26107208845923
164000 9.91751213294961 -2.78524742576978 -0.0870389820553056 5.2673748463026
165000 13.4419893690567 -2.78170695062781 -0.0869283422071192 5.274675917703
166000 12.1448623759727 -2.7744034620987 -0.0867001081905844 5.28210081726014
167000 10.8639122348477 -2.78527016056143 -0.0870396925175446 5.28815677956871
168000 11.3237640457641 -2.79365589027258 -0.0873017465710181 5.29081161125218
169000 9.53308560529896 -2.78864931841902 -0.0871452912005943 5.28912174722657
170000 9.30378751628773 -2.78495515098657 -0.0870298484683302 5.28339612760799
171000 13.8440204051374 -2.79087655113145 -0.0872148922228579 5.27510361853446
172000 11.8489088308286 -2.7796334401387 -0.0868635450043343 5.26665578979595
173000 10.0018987284821 -2.78916642607006 -0.0871614508146895 5.26006501187313
174000 7.75296604490373 -2.78493590238883 -0.087029246949651 5.25610602716759
175000 10.0644088748938 -2.79371003910148 -0.0873034387219214 5.25533489830812
176000 10.0642691142962 -2.78988844422658 -0.0871840138820807 5.25790605409593
177000 11.6899169378694 -2.78729257615157 -0.0871028930047365 5.26341802146813
178000 11.3940572936635 -2.77990283675501 -0.0868719636485941 5.27100738217269
179000 10.1864456811538 -2.78645772031437 -0.087076803759824 5.27922936467383
180000 9.43643182806223 -2.79365547636198 -0.0873017336363118 5.28572354820302
181000 10.1400786534083 -2.79421435182861 -0.087319198494644 5.28856213549251
182000 9.96569928215342 -2.78437420872176 -0.0870116940225549 5.28726483452454
183000 11.1331619849892 -2.78282749428447 -0.0869633591963897 5.28261786679918
184000 10.8693482537014 -2.78501058535621 -0.0870315807923816 5.27601105191611
185000 12.6679415495147 -2.79616284317384 -0.0873800888491825 5.26880471293662
186000 10.3775460388872 -2.79066210422538 -0.0872081907570432 5.26239757304484
187000 10.459676079575 -2.79567733663488 -0.0873649167698398 5.25802024269676
188000 8.43327432855675 -2.7932701954691 -0.0872896936084094 5.25636852450563
189000 7.68934696888411 -2.79617867336639 -0.0873805835426996 5.25748140379533
190000 6.59989085910339 -2.78907640970666 -0.0871586378033332 5.26080051986503
191000 9.04501113650872 -2.78531486308289 -0.0870410894713404 5.26571973882008
192000 9.87618146527058 -2.78364324698049 -0.0869888514681403 5.27172482980494
193000 10.9858497368384 -2.78931836739569 -0.0871661989811153 5.27773587924385
194000 9.79283877352822 -2.79231653805552 -0.0872598918142351 5.28234177339903
195000 5.46881630878365 -2.78489435433001 -0.0870279485728127 5.28411582347853
196000 8.62173041531484 -2.79462447532681 -0.0873320148539627 5.28225985778722
197000 12.419052147252 -2.7943713968147 -0.0873241061504594 5.27741661524719
198000 10.8449756431869 -2.7871005258034 -0.0870968914313563 5.27136567525286
199000 10.9785284031574 -2.7927259784515 -0.0872726868266093 5.26560478956289
200000 8.22588482019166 -2.78954064922333 -0.087173145288229 5.26114627942414
201000 8.10671144876711 -2.7934423834321 -0.0872950744822532 5.25858276750966
202000 6.91055721607793 -2.78405345563456 -0.08700167048858 5.2582483483869
203000 11.7683984622971 -2.78864097471896 -0.0871450304599676 5.2604736613001
204000 12.9274851225877 -2.79227299983048 -0.0872585312447025 5.26535764623008
205000 12.5884955265335 -2.80000200004502 -0.0875000625014069 5.27183625661695
206000 8.47456605425253 -2.79168178691747 -0.0872400558411711 5.27797985771082
207000 7.89096805492656 -2.78792589217192 -0.0871226841303724 5.28204892991297
208000 9.53027428043315 -2.79034794526971 -0.0871983732896784 5.28321706259675
209000 9.86325385899054 -2.78854656938261 -0.0871420802932065 5.28148898098693
210000 10.1575527297514 -2.785798558683 -0.0870562049588439 5.27747498215928
211000 10.36889400891 -2.78340605851934 -0.0869814393287295 5.27230643587117
212000 8.8893346616857 -2.78059894704991 -0.0868937170953096 5.26731246210512
213000 8.52471109352622 -2.79104348956867 -0.087220109049021 5.2634079905033
214000 6.11941838153665 -2.78542854477946 -0.0870446420243582 5.26089850401055
215000 9.14391484834133 -2.79098526537641 -0.0872182895430127 5.26011463348346
216000 11.1357128163919 -2.78517379780518 -0.0870366811814118 5.26155886122054
217000 13.2541937293453 -2.79459415777276 -0.0873310674303988 5.2654830523908
218000 8.51590926351355 -2.782102773052 -0.0869407116578751 5.27096392655743
219000 9.00139083782048 -2.78945221967431 -0.0871703818648221 5.27644053286329
220000 8.34666602083739 -2.78814652266052 -0.0871295788331412 5.28040570358587
221000 9.67888789879947 -2.78398241868544 -0.0869994505839199 5.28196166451104
222000 13.586764730598 -2.78861601149073 -0.0871442503590853 5.28128393726655
223000 11.4209144364312 -2.78498812644814 -0.0870308789515043 5.27908144245679
224000 11.5113884845037 -2.79806564783084 -0.0874395514947137 5.27562402851309
225000 7.6153120815373 -2.78562606122785 -0.0870508144133703 5.27109769278896
226000 9.19478364356684 -2.78935781443213 -0.087167431701004 5.2663444883097
227000 10.7261944631263 -2.79012265366897 -0.0871913329271552 5.26255911048282
228000 13.6301290492 -2.78925897915874 -0.0871643430987106 5.26087146788845
229000 10.4563640124308 -2.76514110751077 -0.0864106596097114 5.26230466886339
230000 11.2424465748385 -2.78519725792992 -0.08703741431031 5.26692898352504
231000 9.53902336444448 -2.7866066344881 -0.0870814573277531 5.2729467726641
232000 9.72153032504932 -2.79125737712876 -0.0872267930352738 5.27849009954433
233000 7.73419317811835 -2.78403627855608 -0.0870011337048776 5.2821122117245
234000 9.77359046581405 -2.78486391129155 -0.087026997227861 5.28304152902842
235000 13.3177323603314 -2.78690744922976 -0.08709085778843 5.28151251423464
236000 11.4084796329878 -2.78247095553475 -0.0869522173604611 5.2784599247198
237000 9.62497273040955 -2.78951923979268 -0.0871724762435213 5.27441700118617
238000 10.3058318160654 -2.7945603538681 -0.0873300110583782 5.26967088749281
239000 10.7918229659784 -2.7943734436907 -0.0873241701153345 5.26510198044153
240000 10.1969220586047 -2.78729771512404 -0.0871030535976262 5.26182532354042
241000 10.6198636813755 -2.7824987802087 -0.0869530868815218 5.26081374686447
242000 10.1235155332892 -2.7790871524179 -0.0868464735130593 5.2625782146081
243000 9.7357778290143 -2.79058803173653 -0.0872058759917665 5.26670631538432
244000 9.6213897954766 -2.79712639314716 -0.0874101997858487 5.27165111205286
245000 10.2568823195925 -2.79664594101461 -0.0873951856567065 5.27591238437176
246000 12.1998267860702 -2.79266042802254 -0.0872706383757043 5.2787169834466
247000 10.3481189716046 -2.77990775431195 -0.0868721173222484 5.28001645437983
248000 10.3813074633471 -2.78372808082786 -0.0869915025258707 5.27984882212111
249000 11.0273707669183 -2.7924110201129 -0.0872628443785281 5.27810066957987
250000 9.25863526457238 -2.79101725879817 -0.0872192893374428 5.27485806016324
