# Fix print output for fix 2
251000 11.0961182495943 -2.7821675201892 -0.0869427350059124 5.2746077801985
252000 12.2646840587074 -2.76538804987845 -0.0864183765587015 5.27425508004819
253000 14.9850798329766 -2.74771490916126 -0.0858660909112893 5.27444100237132
254000 21.9745078952157 -2.74979601269918 -0.0859311253968495 5.27591582793443
255000 21.6358426796056 -2.73607132798414 -0.0855022289995044 5.27916868910156
256000 24.2277326241398 -2.75539549602102 -0.0861061092506568 5.28414039837827
257000 21.6923601581188 -2.76507587756774 -0.0864086211739918 5.29007837906486
258000 18.1043921383399 -2.7583628478008 -0.0861988389937749 5.29585583373302
259000 20.8569770767554 -2.75418149500875 -0.0860681717190233 5.30066617401315
260000 24.0218505453727 -2.7381314987982 -0.0855666093374439 5.30440785838561
261000 22.5884093622965 -2.73623652100783 -0.0855073912814947 5.30732354927398
262000 20.2275272009416 -2.74305525683821 -0.085720476776194 5.30901415752998
263000 18.6187561181429 -2.74822474269515 -0.0858820232092235 5.30891301473248
264000 16.931998466936 -2.74087076893663 -0.0856522115292697 5.30674100612953
265000 24.9166084694985 -2.73684884256672 -0.0855265263302101 5.30280848064584
266000 23.6378302286025 -2.7261289870454 -0.0851915308451688 5.29827553618374
267000 22.9887335922336 -2.75082252143255 -0.0859632037947672 5.29380262883
268000 17.3682293688317 -2.74333431076142 -0.0857291972112944 5.28927541932815
269000 19.7242804844656 -2.75520616672789 -0.0861001927102466 5.28477508099723
270000 21.2259295471191 -2.75315294210354 -0.0860360294407356 5.28073034174607
271000 25.2177570146693 -2.73825303441263 -0.0855704073253947 5.2778373635849
272000 24.8536373669371 -2.73396705236635 -0.0854364703864485 5.27709005593286
273000 21.5541721323126 -2.74966907485418 -0.0859271585891932 5.27866015182263
274000 22.0329868822176 -2.76031419051533 -0.086259818453604 5.28172940109158
275000 20.8443546823232 -2.75684423464778 -0.086151382332743 5.28569148011089
276000 22.9944809676582 -2.75996025960965 -0.0862487581128017 5.29008676304362
277000 24.5557859687877 -2.74787584954575 -0.0858711202983048 5.29457881273343
278000 26.2324336894486 -2.73793198296732 -0.0855603744677288 5.29915225722088
279000 18.3922828158588 -2.72806788941742 -0.0852521215442945 5.30367065910696
280000 20.9883627445563 -2.76086050543419 -0.0862768907948183 5.30719281363747
281000 20.7675574528864 -2.75702408352186 -0.086157002610058 5.30875214915536
282000 18.6722505052273 -2.73428575352046 -0.0854464297975144 5.30822514146134
283000 22.6169778030563 -2.73359157998077 -0.0854247368743992 5.30604593948042
284000 21.830607722659 -2.72816797315963 -0.0852552491612386 5.30283914731528
285000 17.3477106351739 -2.74198244894469 -0.0856869515295215 5.29894890537584
286000 19.0566281469848 -2.76200190171028 -0.0863125594284464 5.2941226708006
287000 19.4791926392197 -2.75762176184169 -0.0861756800575527 5.28848454271977
288000 17.8070279082907 -2.72859373959146 -0.0852685543622332 5.28280691371278
289000 22.5031831707632 -2.73778029453634 -0.0855556342042606 5.27824374548783
290000 23.3441537341928 -2.75473678371672 -0.0860855244911476 5.27552199416083
291000 20.4554312547084 -2.76166150128752 -0.0863019219152349 5.27462411199776
292000 19.6663125118514 -2.7588860000446 -0.0862151875013936 5.27524233032796
293000 17.9783816760666 -2.74457617589765 -0.0857680054968015 5.27726929011982
294000 19.1597572293885 -2.73678297029729 -0.0855244678217903 5.28069033157307
295000 24.0226541496803 -2.74719757925381 -0.0858499243516816 5.28547642848157
296000 21.4958895485034 -2.74474743839467 -0.0857733574498333 5.2913046608022
297000 17.3098974499928 -2.75341916860311 -0.0860443490188471 5.29730171231482
298000 17.0192022427526 -2.7557436510752 -0.0861169890961001 5.3022357468086
299000 19.8951076203058 -2.74807565600589 -0.0858773642501841 5.30546519202736
300000 20.528528192261 -2.73445598896043 -0.0854517496550135 5.30711193828373
301000 17.7090281758387 -2.72503586453938 -0.0851573707668555 5.30741146925979
302000 23.5344359345924 -2.75675209491247 -0.0861485029660148 5.30631834540732
303000 17.9379774373928 -2.7479207619546 -0.0858725238110813 5.30367855409322
304000 13.3746020154228 -2.74734631275075 -0.085854572273461 5.2993987208055
305000 17.737255089025 -2.77106053767095 -0.086595641802217 5.29350318086551
306000 19.8750978518346 -2.75340255301259 -0.0860438297816435 5.28649657805962
307000 22.2973062572757 -2.74616664888761 -0.0858177077777379 5.27975014625566
308000 24.4938957054651 -2.75685520486196 -0.0861517251519361 5.27446716101599
309000 20.6582010161679 -2.75868759348802 -0.0862089872965008 5.27117759021271
310000 14.9278439484498 -2.75287143389479 -0.0860272323092122 5.26983114262192
311000 15.8027755156777 -2.75297640232721 -0.0860305125727253 5.27019104998313
312000 24.8549491753119 -2.7500374365137 -0.0859386698910533 5.27236770061713
313000 18.3371053118105 -2.72391948973807 -0.0851224840543146 5.27693039765586
314000 19.0805157203736 -2.74666767031786 -0.0858333646974331 5.28345940720034
315000 13.616873363402 -2.73819980077855 -0.0855687437743298 5.29077326396736
316000 17.9298480833898 -2.75131416917163 -0.0859785677866135 5.29774837191682
317000 23.9417726529144 -2.74050080177162 -0.085640650055363 5.30376492641981
318000 20.3497227798184 -2.71990006993126 -0.0849968771853519 5.30893606018518
319000 18.2378444854523 -2.72692263905718 -0.0852163324705368 5.31295051328042
320000 20.335004781316 -2.75011360153912 -0.0859410500480975 5.31500104111118
321000 19.5597486705011 -2.75016399720819 -0.0859426249127558 5.31446259185405
322000 19.1055706885342 -2.72776281617741 -0.0852425880055442 5.3113152966026
323000 29.4310325135858 -2.741249598266 -0.0856640499458124 5.30645899535134
324000 20.3656722652713 -2.72465513642392 -0.0851454730132476 5.30100687261552
325000 18.778775736977 -2.74018874914529 -0.0856308984107903 5.29513253731482
326000 21.7797939349203 -2.76006182383253 -0.0862519319947665 5.28888897677089
327000 23.201416676362 -2.7663861107211 -0.0864495659600344 5.2827097657432
328000 22.7212278337981 -2.75376916589485 -0.0860552864342139 5.2772635780098
329000 22.980157000626 -2.72907847216162 -0.0852837022550506 5.27349448316149
330000 22.5794537947623 -2.73605260341812 -0.0855016438568163 5.27239325290168
331000 17.9653395606842 -2.74669376746771 -0.085834180233366 5.27388961887218
332000 20.2576884161965 -2.76078241236572 -0.0862744503864288 5.27715213329061
333000 20.322807252954 -2.75556869855884 -0.0861115218299637 5.28164895728332
334000 21.9738365564418 -2.74448771995276 -0.0857652412485239 5.28703838185514
335000 21.0087203082044 -2.71480389476682 -0.084837621711463 5.29319970385988
336000 24.0092500480385 -2.73706838700861 -0.0855333870940191 5.30008022201198
337000 19.8172064041852 -2.75489100136027 -0.0860903437925085 5.30665653888392
338000 16.1237874100068 -2.74075482456375 -0.0856485882676172 5.31140653170967
339000 19.7404493635128 -2.7392311568296 -0.085600973650925 5.31376444249184
340000 23.4252080936391 -2.73562934948501 -0.0854884171714065 5.31387892794099
341000 22.9986636459361 -2.73456921386866 -0.0854552879333957 5.31217374111785
342000 16.7185733610548 -2.74084687528091 -0.0856514648525286 5.3087899220222
343000 16.7666873823618 -2.75376225098393 -0.0860550703432479 5.30336647884362
344000 18.1187873095813 -2.74919088247571 -0.0859122150773659 5.29610036062667
345000 22.0104038484239 -2.74723092925385 -0.0858509665391829 5.28802475178505
346000 23.7566551301243 -2.74732108058398 -0.0858537837682493 5.28043467553284
347000 21.7835604427276 -2.75396376069418 -0.0860613675216932 5.27433748178134
348000 16.3375685973041 -2.76269452465477 -0.0863342038954615 5.26999809439502
349000 14.1805965507522 -2.74891174150502 -0.0859034919220317 5.26724775814865
350000 21.3887932563655 -2.75902226091632 -0.086219445653635 5.26648471646367
351000 24.3181782835877 -2.75766411746658 -0.0861770036708306 5.2682586233511
352000 24.6513186366144 -2.75926694700093 -0.0862270920937789 5.2727263577147
353000 16.4887915019914 -2.74300424296425 -0.0857188825926327 5.27938367912557
354000 14.0346735459723 -2.76043446440271 -0.0862635770125847 5.28705481561714
355000 18.3120837746773 -2.76943101476268 -0.0865447192113338 5.29429890392889
356000 15.9267124039348 -2.74092918102027 -0.0856540369068833 5.30046327639273
357000 18.9092101460278 -2.73925289566822 -0.0856016529896319 5.30537699527293
358000 22.019711556779 -2.74181658944777 -0.0856817684202427 5.30888270994705
359000 22.6883185096337 -2.74000906385608 -0.0856252832455024 5.31085472151311
360000 18.5868326874692 -2.73332955594852 -0.0854165486233913 5.31119001397593
361000 17.4601477294757 -2.75001793302603 -0.0859380604070634 5.30960225295103
362000 17.4258734628641 -2.75355236560981 -0.0860485114253065 5.30574607184901
363000 23.6632572868654 -2.7584320459387 -0.0862010014355844 5.29992691331458
364000 18.8367083412863 -2.7210972323056 -0.08503428850955 5.29325080438616
365000 23.2799086889964 -2.74538083883703 -0.0857931512136571 5.28692153012156
366000 20.8494472708485 -2.74942389577896 -0.0859194967430925 5.28143045074785
367000 23.9184944718624 -2.77014301434642 -0.0865669691983256 5.27702419019328
368000 19.8050004437835 -2.75469272552967 -0.0860841476728021 5.27394299132952
369000 19.943498489248 -2.75260431829301 -0.0860188849466566 5.27249119357179
370000 17.226397302365 -2.74005849371668 -0.0856268279286462 5.27293413323306
371000 18.7049448437042 -2.74502564204129 -0.0857820513137903 5.27527193690235
372000 21.4213836406671 -2.75358112113778 -0.0860494100355556 5.27929647260664
373000 25.6186404236932 -2.76491813081718 -0.086403691588037 5.2846265944802
374000 21.2677071442841 -2.73703867120446 -0.0855324584751393 5.2908468303701
375000 21.7561829809354 -2.73809026845498 -0.0855653208892182 5.29754832538688
376000 23.5539973630404 -2.76324921251083 -0.0863515378909635 5.30399565090804
377000 16.788376990773 -2.75024044889267 -0.0859450140278958 5.30904364012649
378000 17.0001729358948 -2.74375861059886 -0.0857424565812143 5.31180406136674
379000 19.8462391703181 -2.72095934989693 -0.0850299796842792 5.31221443597319
380000 24.1736519653696 -2.7392404425094 -0.0856012638284188 5.31094569680948
381000 19.8021605772066 -2.7392031620837 -0.0856000988151157 5.30815872548025
382000 19.3385621316541 -2.75166129493444 -0.0859894154667012 5.3036899537821
383000 20.4604057822541 -2.75875057289215 -0.0862109554028798 5.29762277853954
384000 24.0375627344384 -2.74749829800474 -0.085859321812648 5.29056819799695
385000 23.1681020189899 -2.72392696829058 -0.0851227177590806 5.28390606242345
386000 24.2128195613078 -2.75005198358348 -0.0859391244869837 5.27884208312
387000 18.0581230086947 -2.74417867545382 -0.085755583607932 5.27545171865359
388000 19.2343341350574 -2.75381078238132 -0.0860565869494163 5.27364442904362
389000 22.0470177397937 -2.76227430176355 -0.0863210719301109 5.27349416851213
390000 20.500355923326 -2.73690857738066 -0.0855283930431455 5.27510173228496
391000 22.3096426401508 -2.72098551018206 -0.0850307971931893 5.2788557564446
392000 22.2527585109007 -2.74079608646164 -0.0856498777019263 5.28485248766243
393000 20.7853479705702 -2.75398218010096 -0.086061943128155 5.29203949254067
394000 17.9423237136348 -2.74362636864428 -0.0857383240201337 5.29913104074737
395000 19.5921223879666 -2.74311453708412 -0.0857223292838789 5.30531823215117
396000 23.5533062171313 -2.73936427909636 -0.0856051337217613 5.31012616019207
397000 21.8606220679399 -2.71007097860019 -0.0846897180812558 5.31355148395283
398000 23.4441442026382 -2.73266316597328 -0.0853957239366649 5.31573390110017
399000 17.0138792815795 -2.73847644588998 -0.0855773889340619 5.31601702706371
400000 18.0016467910834 -2.74419988280057 -0.0857562463375178 5.31359117928287
401000 20.4705018547024 -2.74242904393307 -0.0857009076229083 5.30859417408538
402000 24.1234389013619 -2.73825210296057 -0.0855703782175177 5.30185281268587
403000 25.457566530149 -2.74416649902523 -0.0857552030945384 5.29448081227644
404000 17.8401450795525 -2.75123219618848 -0.08597600613089 5.28720243693725
405000 17.179618208581 -2.75449790936884 -0.0860780596677763 5.28001909082407
406000 19.0656728343236 -2.75064587131481 -0.0859576834785878 5.27350440868495
407000 22.592354647329 -2.74573617657007 -0.0858042555178148 5.2686702140491
408000 24.448734295408 -2.74681447447019 -0.0858379523271936 5.26656309841962
409000 21.5980116859915 -2.76706305525652 -0.0864707204767663 5.26755822146519
410000 17.4392372978327 -2.7643653187877 -0.0863864162121156 5.27088121929216
411000 18.628817079316 -2.75785168156717 -0.0861828650489742 5.27579615901951
412000 21.228294527554 -2.74776751764765 -0.0858677349264891 5.28206281179614
413000 20.895443250887 -2.74093907331041 -0.0856543460409503 5.28948923932967
414000 20.6830831791934 -2.74483046640994 -0.0857759520753106 5.29742718565586
415000 15.7305699664058 -2.73211255534715 -0.0853785173545983 5.30491156566866
416000 14.2424644081564 -2.74866007654361 -0.085895627391988 5.31091341254988
417000 16.6051694077152 -2.76570449923531 -0.0864282656011036 5.31425525345864
418000 16.5217379130573 -2.74408658219613 -0.0857527056936291 5.31431902644328
419000 22.3935521168207 -2.75077885846423 -0.0859618393270072 5.31154180810128
420000 18.7789799084776 -2.72826055807866 -0.0852581424399581 5.30664932635495
421000 22.0980350446167 -2.74192818451636 -0.0856852557661363 5.30038526958874
422000 19.4406491813095 -2.75249273012068 -0.0860153978162712 5.29334929006419
423000 19.2701099231342 -2.76943293020616 -0.0865447790689426 5.28577300349848
424000 15.8176519929775 -2.74988482070809 -0.0859339006471278 5.27801873064423
425000 20.3867782909772 -2.74927165064271 -0.0859147390825846 5.27110164682856
426000 23.2942013378049 -2.75591374758959 -0.0861223046121747 5.26624842334889
427000 20.1123742184344 -2.74773233985188 -0.0858666356203711 5.26419224995429
428000 19.8448899207411 -2.75651058739931 -0.0861409558562283 5.26509878083203
429000 17.5763415805862 -2.76042190937501 -0.086263184667969 5.26865352193402
430000 18.327608265195 -2.77465921312964 -0.0867081004103013 5.2741555780474
431000 16.5311122313385 -2.75853154638039 -0.0862041108243873 5.28074491267504
432000 20.9888437908465 -2.7489590990137 -0.0859049718441781 5.28797089482614
433000 22.6380977452903 -2.74646215474475 -0.0858269423357736 5.29569526492183
434000 21.4356390993922 -2.74376495598065 -0.0857426548743952 5.30336683115623
435000 14.3251930673332 -2.73058099456291 -0.0853306560800909 5.31005927844663
436000 17.4655232109529 -2.76023733071596 -0.0862574165848738 5.31465818648685
437000 18.1216927184637 -2.75528375305709 -0.086102617283034 5.31620215188824
438000 19.1536511049732 -2.72789976094113 -0.0852468675294103 5.31471899446445
439000 22.6065680274373 -2.73898696987725 -0.0855933428086642 5.31104432079006
440000 21.7311149278795 -2.7463239507252 -0.0858226234601624 5.3056053267449
441000 18.7128365285847 -2.75256400644939 -0.0860176252015433 5.29864048541045
442000 17.2443315671693 -2.75742741642463 -0.0861696067632697 5.29041650917911
443000 21.7328069675013 -2.76623775604398 -0.0864449298763745 5.281579208904
444000 26.1257075291368 -2.75250845695078 -0.0860158892797118 5.27338435071426
445000 25.8488241626956 -2.75121027036985 -0.0859753209490577 5.26744056541589
446000 19.5406221147755 -2.74989753548491 -0.0859342979839036 5.26447206585618
447000 16.683855816674 -2.75026267370025 -0.0859457085531327 5.26432069782399
448000 18.170405901081 -2.75377993933711 -0.0860556231042847 5.26674730501827
449000 20.1848122803588 -2.75287102019994 -0.0860272193812481 5.27159854991995
450000 21.1340107222765 -2.74612264021067 -0.0858163325065834 5.27860600151468
451000 23.2581679367092 -2.72059815308372 -0.0850186922838662 5.2873559748215
452000 29.4216794642895 -2.735609360497 -0.0854877925155312 5.29773365385462
453000 23.8912891760118 -2.74474073678046 -0.0857731480243893 5.30886317518972
454000 17.3819356061821 -2.73229934432133 -0.0853843545100414 5.31884671150267
455000 19.8678279130269 -2.74477088207169 -0.0857740900647403 5.32618174902418
456000 18.6661097464978 -2.73064105951003 -0.0853325331096883 5.32995439478336
457000 22.4700010148197 -2.71640033200457 -0.084887510375143 5.33000090643524
458000 24.7828704781666 -2.72423434664546 -0.0851323233326707 5.32690202088837
459000 24.5769357114096 -2.74614245939666 -0.0858169518561455 5.32101126712231
460000 20.0677955889752 -2.73809564989942 -0.085565489059357 5.31235280582904
461000 16.4963655474964 -2.72994157554907 -0.0853106742359083 5.30147270615744
462000 19.1162798558405 -2.74721774748814 -0.0858505546090043 5.28936411260871
463000 19.7350736482362 -2.76142708663234 -0.0862945964572605 5.27713189753021
464000 16.6170181792466 -2.76308238110935 -0.0863463244096671 5.26581837205381
465000 14.4632047997588 -2.75339045536912 -0.0860434517302849 5.25638722920849
466000 19.8100861755217 -2.74444030854617 -0.0857637596420677 5.25003996543323
467000 19.3884544315958 -2.73231530666814 -0.0853848533333793 5.2482276115425
468000 18.2208966901692 -2.73845265653867 -0.0855766455168333 5.2515641886399
469000 20.4748897735955 -2.76670404242962 -0.0864595013259255 5.25948859377059
470000 19.4351770073403 -2.77356321223577 -0.0866738503823678 5.27071863871715
471000 18.4837213918429 -2.76254511426182 -0.0863295348206819 5.28373752012922
472000 18.3808909803368 -2.73329390423511 -0.0854154345073473 5.29734802081309
473000 20.0552875756691 -2.72596656113729 -0.0851864550355404 5.310715319073
474000 21.3436485626973 -2.73198379423389 -0.085374493569809 5.32278155352689
475000 20.7633812475292 -2.74499223628803 -0.085781007384001 5.3322051020198
476000 18.4521631483924 -2.74803701866053 -0.0858761568331417 5.3375684199332
477000 19.0043512292491 -2.74087960774238 -0.0856524877419494 5.33793043498918
478000 17.0534587631914 -2.70136522544873 -0.0844176632952728 5.33347929393508
479000 24.0903355454808 -2.7310413742029 -0.0853450429438407 5.32535238962083
480000 22.2730621908333 -2.74530582698175 -0.0857908070931798 5.31429058487084
481000 15.5669132081351 -2.73633719564545 -0.0855105373639202 5.30088395132388
482000 18.7506243768822 -2.75128695646186 -0.0859777173894333 5.28610053532711
483000 22.2203823204316 -2.75900277051287 -0.0862188365785271 5.27146851405417
484000 24.1893487766692 -2.76104631106674 -0.0862826972208356 5.25877347952805
485000 20.1380020084542 -2.74969223652709 -0.0859278823914715 5.24964336021424
486000 18.7643550186851 -2.76088251543228 -0.0862775786072588 5.24502235747042
487000 17.8562685691431 -2.76290371250689 -0.0863407410158402 5.24509236579686
488000 19.7893940636595 -2.759169847945 -0.0862240577482811 5.24977889323566
489000 22.318509071279 -2.74993848455229 -0.0859355776422589 5.25890835460233
490000 21.0075898160086 -2.74130563746603 -0.0856658011708135 5.27193867801334
491000 18.4826815644505 -2.74400600020313 -0.0857501875063478 5.28753275501454
492000 14.78722605116 -2.75627020542968 -0.0861334439196774 5.30362277287052
493000 20.2261874062772 -2.77407080143651 -0.0866897125448909 5.31781476903277
494000 15.1975592417866 -2.73489431464264 -0.0854654473325826 5.32861305194635
495000 17.1923388509061 -2.72638834695793 -0.0851996358424355 5.33533915496778
496000 18.1306865591101 -2.71590872733691 -0.0848721477292785 5.33769416587675
497000 22.1196817674743 -2.7233838990078 -0.0851057468439937 5.33579600072848
498000 25.573876224161 -2.74686397453869 -0.0858394992043342 5.32997993315416
499000 17.2501986075005 -2.74572589534849 -0.0858039342296404 5.32053257094464
500000 15.8645105831195 -2.74527603446624 -0.0857898760770699 5.30768048825546
